M1: 7.670659897848964
M10: 5.752622382715344
M11: 9.199483320116997
M12: 6.593033205717802
M13: 11.295925406739116
M14: 6.918653566390276
M15: 7.044405909255147
M16: 12.972881784662604
M17: 8.263883274048567
M18: 11.63404043763876
M19: 8.382193790748715
M2: 4.577534878626466
M20: 8.71178861707449
M21: 11.38655343092978
M22: 9.800154203549027
M23: 10.456094378605485
M24: 10.03422481007874
M25: 10.465848492458463
M26: 11.31106480024755
M27: 11.603398388251662
M28: 11.65727712213993
M29: 13.951313914731145
M3: 5.936501314863563
M30: 13.144638296216726
M31: 12.9665557295084
M32: 13.385645672678947
M33: 14.71407706849277
M34: 14.861562103033066
M35: 14.106513280421495
M36: 14.15139539167285
M37: 17.00830953195691
M38: 17.856484604999423
M39: 17.272631311789155
M4: 7.365108979865909
M5: 4.928349191322923
M6: 7.402592897415161
M7: 9.131929790601134
M8: 5.135140707716346
M9: 5.503016896545887
