M1: 249.4716796875
M10: 422.537109375
M11: 424.44873046875
M12: 444.4462890625
M13: 454.90966796875
M14: 471.732421875
M15: 471.404296875
M16: 474.39404296875
M17: 494.7294921875
M18: 517.0927734375
M19: 519.287109375
M2: 271.98291015625
M20: 549.9951171875
M21: 545.744140625
M22: 550.5341796875
M23: 563.669921875
M24: 573.060546875
M25: 587.544921875
M26: 623.466796875
M27: 603.287109375
M28: 627.974609375
M29: 621.771484375
M3: 277.63916015625
M30: 649.482421875
M31: 653.685546875
M32: 671.466796875
M33: 678.73046875
M34: 700.974609375
M35: 727.7109375
M36: 738.880859375
M37: 810.255859375
M38: 804.1171875
M39: 804.6171875
M4: 281.6005859375
M5: 306.0908203125
M6: 337.29541015625
M7: 346.5673828125
M8: 389.580078125
M9: 435.333984375
