M1: 73.68852777901064
M10: 64.69543282460678
M11: 58.11407971748707
M12: 59.2459524137196
M13: 56.6361952838299
M14: 58.9755907363098
M15: 58.803035494640376
M16: 55.810135356824766
M17: 56.40732197448949
M19: 55.66929454396262
M2: 72.94607979491614
M20: 55.16876586714467
M21: 53.47739354970977
M22: 54.093889202982105
M23: 53.87842388123011
M24: 53.50152199924353
M25: 53.20578380278977
M26: 52.207563291280586
M27: 52.08588404414684
M28: 51.658793108301836
M29: 51.721595708757626
M3: 71.4871632459234
M30: 50.882336442443076
M31: 50.916497498340156
M32: 50.57338430456839
M33: 50.34465132220221
M34: 49.647391451625566
M35: 49.4051393794355
M36: 49.377454467701135
M37: 48.21577109459693
M38: 47.99584729205317
M39: 48.02267741882326
M4: 69.33304568866794
M5: 70.23439913947625
M6: 63.48190651906726
M7: 62.565843705871785
M8: 65.84208326759476
M9: 63.334750663534926
