M1: 1060.4028015077347
M10: 2155.306988497614
M11: 1960.801563996938
M12: 2474.410445000103
M13: 2324.874710990116
M14: 2630.166609000298
M15: 2849.4321850012057
M16: 2896.5671175028547
M17: 2924.396891001379
M18: 3106.4112455001123
M19: 3210.261965999962
M2: 1006.7418879989418
M20: 3364.2295585013926
M21: 3413.0018944997573
M22: 3612.926551999408
M23: 3511.6288990029716
M24: 3808.2145980006317
M25: 3765.412021006341
M26: 4146.042384003522
M27: 4039.4803145027254
M28: 4393.664387498575
M29: 4303.852141500101
M3: 1220.6025994964875
M30: 4323.161699998309
M31: 4771.018088002165
M32: 4619.327561005775
M33: 4825.371911501861
M34: 4909.350815498328
M35: 5084.672936995048
M36: 5303.975520495442
M37: 5166.649526501715
M38: 5493.651791999582
M39: 5554.345452503185
M4: 1240.3567975125043
M40: 5699.581310997019
M41: 5968.1586289952975
M42: 6258.262924000519
M43: 6219.013919500867
M44: 6320.130933003384
M45: 6387.589197500347
M5: 1327.5084300003073
M6: 1491.8911739951
M7: 1383.686998000485
M8: 1786.9336614967324
M9: 1747.1564514999045
