M1: 125.16920471191406
M10: 186.39405822753906
M11: 232.1897430419922
M12: 206.96358489990234
M13: 230.73721313476562
M14: 255.9473648071289
M15: 229.88545989990234
M16: 236.53311157226562
M17: 281.61766815185547
M18: 252.14248657226562
M19: 282.6812515258789
M2: 140.37227630615234
M20: 270.1807632446289
M21: 270.6026382446289
M22: 285.0870132446289
M23: 303.6726531982422
M24: 301.8596649169922
M25: 307.0245132446289
M26: 318.8752899169922
M27: 323.5159149169922
M28: 333.7815399169922
M29: 344.36669158935547
M3: 136.42677307128906
M30: 341.27294158935547
M31: 360.39794158935547
M32: 367.42919158935547
M33: 367.14794158935547
M34: 385.60809326171875
M35: 381.24871826171875
M36: 394.60809326171875
M37: 404.06824493408203
M38: 463.0515365600586
M39: 417.99011993408203
M4: 159.36421966552734
M40: 428.67761993408203
M41: 448.5440216064453
M42: 461.3408966064453
M43: 490.8005065917969
M44: 473.1533966064453
M45: 473.5752716064453
M5: 172.0970230102539
M6: 151.63697814941406
M7: 190.0894546508789
M8: 174.31587982177734
M9: 176.13643646240234
