M1: 74.89122303416687
M10: 64.90350512893205
M11: 59.547757683737615
M12: 60.36405259933762
M13: 58.42677704571582
M14: 56.2852875124635
M15: 59.3121241619867
M16: 56.95000982752545
M17: 54.306746088127646
M18: 56.20257712427482
M19: 54.63223973564677
M2: 72.02816123922776
M20: 54.76390197489286
M21: 54.770796363168735
M22: 54.007999036996544
M23: 53.31333640765333
M24: 52.96710237737051
M25: 53.21468959170594
M26: 52.36580806356365
M27: 52.22715894420293
M28: 51.913642820610576
M29: 51.05204448562614
M3: 72.36995377704422
M30: 51.23343300301586
M31: 50.688798842216706
M32: 50.62524664887891
M33: 50.51316818253355
M34: 49.84670892122819
M35: 49.9670287676953
M36: 49.805487171360014
M37: 49.33867930452137
M38: 48.441795647571894
M39: 48.87764503070961
M4: 68.43444853014262
M40: 48.80096800220826
M41: 48.250960268399986
M42: 47.91583523300724
M43: 47.74305068244651
M44: 47.75541403666518
M45: 47.88821990053527
M5: 65.2229955644072
M6: 70.09618658688365
M7: 65.31119466461844
M8: 63.54886995823993
M9: 63.771101958544044
