M1: 879.4692852010485
M10: 1474.905826401664
M11: 1656.730468198657
M12: 1611.6207398008555
M13: 1767.292607598938
M14: 1803.3325630007312
M15: 1910.5745891982224
M16: 2079.934615403181
M17: 2351.872477203142
M18: 2121.3469744019676
M19: 2108.917021000525
M2: 979.4509936007671
M20: 2415.623129400774
M21: 2168.5504529974423
M22: 2468.814925799961
M23: 2511.184091400355
M24: 2652.6529135997407
M25: 2831.4446783973835
M26: 2741.787943599047
M27: 2923.83519540017
M28: 2815.7452928018756
M29: 3064.6077026001876
M3: 985.9487883994007
M30: 2965.8393812016584
M31: 3231.415997201111
M32: 3165.0651027972344
M33: 3340.7751924009062
M34: 3772.7945132006425
M35: 3692.746112399618
M36: 4175.716660000035
M37: 3984.5192935987143
M38: 4037.1969548024936
M39: 4230.578198598232
M4: 1041.7578919994412
M5: 1154.986024997197
M6: 1323.024926200742
M7: 1341.7772911983775
M8: 1417.3105510009918
M9: 1480.283175400109
