M1: 106.90396881103516
M10: 140.07390213012695
M11: 142.88640213012695
M12: 145.04558181762695
M13: 149.26433181762695
M14: 147.38640213012695
M15: 155.97331619262695
M16: 170.63055419921875
M17: 186.46844482421875
M18: 165.43914794921875
M19: 166.56414794921875
M2: 119.59245681762695
M20: 182.10028076171875
M21: 169.70770263671875
M22: 183.63251876831055
M23: 190.95380783081055
M24: 203.80342864990234
M25: 213.98702239990234
M26: 201.59444427490234
M27: 209.75948333740234
M28: 203.56319427490234
M29: 219.38057708740234
M3: 111.82584381103516
M30: 219.38057708740234
M31: 227.12374114990234
M32: 240.88157653808594
M33: 238.48216247558594
M34: 270.15209579467773
M35: 252.34251403808594
M36: 311.9236145019531
M37: 274.39135360717773
M38: 279.27221298217773
M39: 314.1736145019531
M4: 113.93521881103516
M5: 119.98209381103516
M6: 130.04557037353516
M7: 125.39615631103516
M8: 129.47428131103516
M9: 130.03678131103516
