M1: 60.76709923503138
M10: 42.02375261149137
M11: 42.03930535450602
M12: 41.09352603340223
M13: 40.37850143416992
M14: 40.73555690419807
M15: 39.81363122610548
M16: 38.065594276706136
M17: 37.6199550080698
M18: 38.34024434193301
M19: 38.65573985114935
M2: 58.13392414697012
M20: 37.39548012115898
M21: 38.05658332733197
M22: 37.19466732598903
M23: 36.793656788286114
M24: 36.47294417376133
M25: 36.042684702708435
M26: 36.09811935067396
M27: 35.79964014052193
M28: 36.18255266582395
M29: 35.76499506462085
M3: 58.44973824437
M30: 35.722155315529854
M31: 35.97764103402869
M32: 35.264547242847044
M33: 35.327282556334836
M34: 34.92157655138586
M35: 34.90711736583319
M36: 34.433308044464816
M37: 34.418796635745736
M38: 34.67662425462683
M39: 34.4430952072603
M4: 55.46185969991472
M5: 50.21362822832222
M6: 46.026351725781986
M7: 47.428660773774304
M8: 45.61748300745374
M9: 45.580454199210884
