M1: 5.3
M10: 5.4
M11: 6.7
M12: 6.8999999999999995
M13: 6.7
M14: 6.8
M15: 7.0
M16: 7.1000000000000005
M17: 6.8999999999999995
M18: 6.8999999999999995
M19: 8.4
M2: 5.3
M20: 8.3
M21: 8.4
M22: 8.4
M23: 10.1
M24: 9.9
M25: 9.9
M26: 11.4
M27: 9.9
M28: 9.9
M29: 11.1
M3: 5.7
M30: 11.5
M31: 11.299999999999999
M32: 11.6
M33: 11.6
M34: 11.299999999999999
M35: 13.100000000000001
M36: 14.4
M37: 17.1
M38: 20.2
M39: 16.0
M4: 5.3
M40: 17.0
M5: 5.2
M6: 5.4
M7: 5.2
M8: 5.3
M9: 5.4
