M1: 65.98949505382627
M10: 45.867553897827435
M11: 39.948745692282316
M12: 41.56406752058837
M13: 41.241793301279785
M14: 40.14802742081828
M15: 39.33839123290782
M16: 40.00011587247561
M17: 40.45915010451788
M18: 39.817846034554115
M19: 38.08963390730196
M2: 56.2950577259635
M20: 38.57958738526185
M21: 38.38088859219041
M22: 37.386119726749065
M23: 36.98553166747956
M24: 36.72461353780196
M25: 37.00359541885073
M26: 36.21941560897036
M27: 36.59062293543403
M28: 36.34689905784203
M29: 36.35853905849005
M3: 57.3945395585794
M30: 35.55031715565435
M31: 35.59116880830305
M32: 35.98400627867557
M33: 35.84304282071231
M34: 35.616906436612865
M35: 34.714816556600496
M36: 34.63010090882531
M37: 34.23285037894374
M38: 34.415177944448935
M39: 34.01455336326875
M4: 57.84275976883074
M40: 34.3295565142631
M5: 45.832835333998446
M6: 47.43272047424514
M7: 44.99732100898573
M8: 44.22853017690206
M9: 43.85827536564524
