M1: 129.7310000001744
M10: 256.78592000003846
M11: 240.49160000067786
M12: 284.7222399999737
M13: 274.0746200001013
M14: 277.9695000001084
M15: 306.1044000001857
M16: 312.4033600000985
M17: 324.27453999989666
M18: 338.89386000009836
M19: 366.33013999999093
M2: 132.67856000020402
M20: 372.85809999993944
M21: 399.4215999999142
M22: 401.51372000000265
M23: 428.75507999997353
M24: 426.30449999996927
M25: 454.29154000012204
M26: 480.4269399999612
M27: 478.821560000506
M28: 487.2328400000697
M29: 510.80671999989136
M3: 141.12716000017826
M30: 508.04884000026505
M31: 526.0077400002046
M32: 547.5088400002278
M33: 580.8412200000021
M34: 580.4840800003149
M35: 620.55143999969
M36: 693.4845200001291
M37: 672.4882200003776
M38: 685.5890200000431
M4: 158.7928799999645
M5: 170.28698000031
M6: 182.77167999985977
M7: 198.7083399999392
M8: 214.087180000206
M9: 229.48195999997552
