M1: 129.09153747558594
M10: 195.81590270996094
M11: 208.4639892578125
M12: 214.27606201171875
M13: 223.15100860595703
M14: 226.1048583984375
M15: 240.83042907714844
M16: 234.10415649414062
M17: 262.1423873901367
M18: 251.2987289428711
M19: 270.42371368408203
M2: 137.41912841796875
M20: 300.00953674316406
M21: 321.7047576904297
M22: 291.9775924682617
M23: 310.15721130371094
M24: 310.5790710449219
M25: 328.71897888183594
M26: 343.2416305541992
M27: 357.2035446166992
M28: 349.9916076660156
M29: 365.0767593383789
M3: 127.93482208251953
M30: 365.1791458129883
M31: 376.7486877441406
M32: 391.2337417602539
M33: 407.44459533691406
M34: 425.9425811767578
M35: 439.5056610107422
M36: 463.30955505371094
M37: 473.43453216552734
M38: 480.92596435546875
M4: 161.8961639404297
M5: 152.87987518310547
M6: 178.77872467041016
M7: 194.0982666015625
M8: 176.668212890625
M9: 207.2376708984375
