M1: 75.2175440596077
M10: 64.75212760717581
M11: 60.26885329198911
M12: 60.46093025299764
M13: 58.981327852974026
M14: 58.78223388632336
M15: 57.87506681462631
M16: 59.39941070763541
M17: 55.77945975488393
M18: 57.059281165380995
M19: 55.73067428704188
M2: 72.9787487220345
M20: 53.85144199776637
M21: 52.785868111161776
M22: 54.21927695345054
M23: 52.98002274609724
M24: 52.93266346318727
M25: 52.444960181603776
M26: 51.60720078876399
M27: 51.249730407643355
M28: 51.28769632915147
M29: 50.496659546942986
M3: 74.68502688596303
M30: 51.019641387239794
M31: 50.2750574804849
M32: 50.02481671212139
M33: 49.53368676887349
M34: 49.42814932451236
M35: 48.80315544203194
M36: 48.3835638313186
M37: 48.138077954838394
M38: 47.792762599768146
M4: 68.64282733092857
M5: 70.32786592192141
M6: 66.28309699816741
M7: 63.214727490880996
M8: 66.97296024531725
M9: 60.94698726242007
