M1: 118.45270000003438
M10: 198.73798999997234
M11: 177.75328000006994
M12: 197.34970000008616
M13: 196.02531000000454
M14: 209.99136999998882
M15: 226.7897699999594
M16: 239.15666000002602
M17: 228.59962999991694
M18: 243.2734199999686
M19: 243.05750000003172
M2: 131.94502999995166
M20: 265.90089999990596
M21: 257.52259000000777
M22: 273.61346000016056
M23: 289.52936999994563
M24: 303.6577299999408
M25: 320.6701900000553
M26: 320.6140999998752
M27: 331.2304799999765
M28: 343.0020699999659
M29: 365.1346800000283
M3: 135.33002000003762
M30: 360.3861900000993
M31: 399.0312999998423
M32: 432.9788699999881
M33: 491.43292999997357
M34: 445.82040999994206
M35: 459.79463000003307
M4: 134.5766399999775
M5: 148.86389000002964
M6: 148.56803999996373
M7: 163.8175100000808
M8: 166.94681999997556
M9: 163.5023299999375
