M1: 111.02896881103516
M10: 152.74185943603516
M11: 140.53678131103516
M12: 156.69108963012695
M13: 157.18619918823242
M14: 162.06120681762695
M15: 170.08269119262695
M16: 176.74773025512695
M17: 169.94206619262695
M18: 183.77093505859375
M19: 184.14520263671875
M2: 119.06803131103516
M20: 195.22015380859375
M21: 189.20843505859375
M22: 203.55438613891602
M23: 210.54462814331055
M24: 216.26630783081055
M25: 232.20967864990234
M26: 232.91353607177734
M27: 237.69698333740234
M28: 241.21553802490234
M29: 259.17453384399414
M3: 120.75553131103516
M30: 267.61790466308594
M31: 281.07395935058594
M32: 298.34226989746094
M33: 367.4976005554199
M34: 313.01708602905273
M35: 318.08471298217773
M4: 123.33438873291016
M5: 127.95084381103516
M6: 127.95157623291016
M7: 134.77115631103516
M8: 135.28678131103516
M9: 136.88419342041016
