M1: 67.36107118422584
M10: 43.27865962252909
M11: 45.712551649901634
M12: 41.24289459067647
M13: 41.16726902068905
M14: 42.27377219368177
M15: 40.39915659801864
M16: 40.021970582519316
M17: 40.06395822607455
M18: 38.52574258174691
M19: 38.64448845185981
M2: 56.57379125627946
M20: 37.81745531087639
M21: 38.21828718391518
M22: 37.110331808942576
M23: 36.860474523185395
M24: 36.3451226171691
M25: 35.976954821528565
M26: 35.81216361462369
M27: 35.81351268908928
M28: 35.90399942364836
M29: 35.32169876048748
M3: 56.60787281961089
M30: 35.108752572765084
M31: 34.758478528105755
M32: 34.43297966441555
M33: 34.427192480028395
M34: 34.38081524833704
M35: 34.392202801694935
M4: 56.93963722576504
M5: 55.29679016568385
M6: 50.04764990420521
M7: 47.757622928673
M8: 47.18393607711978
M9: 54.805124527111886
